global; DataType.VOID; None; [2, 0, 0, 0, 0, 3, 0, 0, 0, 3]; []
x3; DataType.VOID; 3; [1, 0, 0, 0, 0, 1, 0, 0, 0, 3]; []
%%
10, 1600000
0, 1600001
50, 1600002
"Hola", 1900000
"Hola otra vez", 1900001
"Adios", 1900002
20, 1600003
%%
[2100014, 2100022, 2100022, 2100022]
[2100005, 1600000, 2100022, 0]
[2100020, 2100022, 2100022, 0]
[2100005, 1600001, 2100022, 500000]
[2100006, 500000, 1600002, 1400000]
[2100015, 1400000, 2100022, 10]
[2100020, 2100022, 2100022, 1900000]
[2100000, 500000, 1600000, 1000000]
[2100005, 1000000, 2100022, 500000]
[2100014, 2100022, 2100022, 4]
[2100006, 500000, 1600002, 1400001]
[2100015, 1400001, 2100022, 14]
[2100020, 2100022, 2100022, 1900001]
[2100014, 2100022, 2100022, 17]
[2100009, 500000, 1600002, 1400002]
[2100015, 1400002, 2100022, 17]
[2100020, 2100022, 2100022, 1900002]
[2100019, 2100022, 2100022, 2100022]
[2100000, 1600003, 0, 1000000]
[2100000, 1000000, 1600000, 1000001]
[2100005, 1000001, 2100022, 1]
[2100020, 2100022, 2100022, 1]
[2100006, 1, 1600002, 1400000]
[2100015, 1400000, 2100022, 28]
[2100020, 2100022, 2100022, 1900000]
[2100000, 1, 1600000, 1000002]
[2100005, 1000002, 2100022, 1]
[2100014, 2100022, 2100022, 22]
[2100006, 1, 1600002, 1400001]
[2100015, 1400001, 2100022, 32]
[2100020, 2100022, 2100022, 1900001]
[2100014, 2100022, 2100022, 36]
[2100009, 1, 1600002, 1400002]
[2100015, 1400002, 2100022, 36]
[2100020, 2100022, 2100022, 1900002]
[2100020, 2100022, 2100022, 1]
