<<<<<<< HEAD
global; DataType.VOID; None; [1, 0, 0, 0, 0, 0, 0, 0, 0, 0]; []
fact; DataType.INT; 1; [2, 0, 0, 0, 0, 2, 0, 0, 0, 1]; [<DataType.INT: 'int'>]
main; DataType.VOID; 11; [1, 0, 0, 0, 0, 1, 0, 0, 0, 0]; []
%%
1, 1600000
0, 1600001
"Enter number: ", 1900000
4, 1600002
"Factorial = ", 1900001
%%
[2100014, 2100022, 2100022, 11]
[2100005, 1600000, 2100022, 500001]
[2100007, 500000, 1600001, 1400000]
[2100015, 1400000, 2100022, 9]
[2100002, 500001, 500000, 1000000]
[2100005, 1000000, 2100022, 500001]
[2100001, 500000, 1600000, 1000001]
[2100005, 1000001, 2100022, 500000]
[2100014, 2100022, 2100022, 2]
[2100023, 0, 2100022, 500001]
[2100019, 2100022, 2100022, 2100022]
[2100020, 2100022, 2100022, 1900000]
[2100005, 1600002, 2100022, 500000]
[2100016, 2100022, 2100022, 1]
[2100017, 500000, 2100022, 0]
[2100018, 0, 2100022, 1]
[2100005, 0, 2100022, 1000000]
[2100020, 2100022, 2100022, 1900001]
[2100020, 2100022, 2100022, 1000000]
=======
global; DataType.VOID; None; [0, 0, 0, 0, 0, 0, 0, 0, 0, 0]; []
y; DataType.VOID; 1; [3, 0, 0, 0, 0, 0, 0, 0, 0, 0]; [<DataType.INT: 'int'>, <DataType.INT: 'int'>, <DataType.INT: 'int'>]
main; DataType.VOID; 6; [1, 0, 0, 0, 0, 0, 0, 0, 0, 0]; []
%%
"Hola otra vez", 1900000
10, 1600000
20, 1600001
30, 1600002
"Hola", 1900001
"Adios", 1900002
%%
[2100014, 2100022, 2100022, 6]
[2100020, 2100022, 2100022, 500000]
[2100020, 2100022, 2100022, 500001]
[2100020, 2100022, 2100022, 500002]
[2100020, 2100022, 2100022, 1900000]
[2100019, 2100022, 2100022, 2100022]
[2100016, 2100022, 2100022, 1]
[2100017, 1600000, 2100022, 0]
[2100017, 1600001, 2100022, 1]
[2100017, 1600002, 2100022, 2]
[2100018, 10, 2100022, 1]
[2100020, 2100022, 2100022, 1900001]
[2100020, 2100022, 2100022, 1900002]
>>>>>>> Functions
[2100019, 2100022, 2100022, 2100022]
